Start iteration 1
Start leader price 27 37 30 32 28 
Start follower price 12 13 16 36 18 
0 1 2 3 4 5 6 7 8 9 10 11 12 13 14 15 16 17 18 19 20 21 22 23 24 25 26 27 28 29 30 31 32 33 34 35 36 37 38 39 40 41 42 43 44 45 46 47 48 49 50 51 52 53 54 
64 69 74 79 84 89 94 99 104 109 114 86 88 90 92 94 96 98 100 102 104 106 108 87 88 89 64 64 64 64 64 64 64 64 64 64 64 64 64 64 64 64 64 64 64 64 64 64 64 64 64 64 64 64 64 
248 253 258 263 268 273 278 279 284 289 294 297 305 313 321 329 329 329 332 332 334 337 344 347 347 347 355 365 365 365 374 375 380 385 394 394 394 394 394 394 394 394 394 394 394 394 394 394 394 394 394 394 394 394 394 
12 13 16 27 61 12 13 16 28 61 12 13 16 29 61 12 13 16 30 61 12 13 16 31 61 12 13 16 32 61 12 13 16 33 61 16 13 16 34 61 16 13 16 35 61 16 13 16 36 61 16 13 16 37 61 12 13 16 32 14 12 13 16 33 15 12 13 16 34 16 12 13 16 35 17 12 13 16 36 18 12 13 16 36 18 12 13 16 36 18 12 13 16 39 21 12 13 16 39 21 16 13 16 39 23 16 13 16 39 24 16 13 16 37 25 12 13 16 36 18 12 13 16 36 18 12 13 16 36 18 12 13 16 35 17 12 13 16 36 18 12 13 16 36 18 12 13 16 36 18 12 13 16 39 21 16 13 16 39 22 16 13 16 39 23 16 13 16 39 24 16 13 16 37 25 16 13 16 37 25 16 13 16 37 25 16 13 16 37 25 16 13 16 37 25 16 13 16 37 25 16 13 16 37 25 16 13 16 37 25 16 13 16 37 25 16 13 16 37 25 16 13 16 37 25 16 13 16 37 25 16 13 16 37 25 16 13 16 37 25 16 13 16 37 25 16 13 16 37 25 16 13 16 37 25 16 13 16 37 25 16 13 16 37 25 16 13 16 37 25 16 13 16 37 25 
0 1 2 3 4 5 6 7 8 9 10 11 12 13 14 15 16 17 18 19 20 21 22 23 24 25 26 27 28 29 30 31 32 33 34 35 36 37 38 39 40 41 42 43 44 45 46 47 48 49 50 51 52 53 54 55 56 57 58 59 60 61 62 63 64 65 66 67 68 69 70 71 72 73 74 75 
0 8 46 53 56 62 68 74 80 86 92 98 104 110 116 122 112 117 122 127 132 137 120 124 128 132 136 145 148 32 32 32 32 32 32 32 64 64 64 64 64 64 64 64 64 64 64 64 64 64 64 64 64 64 64 64 64 64 64 64 64 64 64 64 64 64 64 64 64 64 64 64 64 64 64 64 
314 315 316 317 318 319 320 321 322 323 324 324 324 324 324 324 325 327 329 331 333 335 337 339 341 343 345 347 347 349 355 361 361 361 361 361 361 365 369 373 377 381 385 389 393 393 393 393 396 396 396 396 396 396 396 396 396 396 396 396 396 396 396 396 396 396 396 396 396 396 396 396 396 396 396 396 
12 13 13 36 18 12 13 14 36 18 12 13 15 36 18 12 13 16 36 18 12 13 17 36 18 12 13 18 36 18 12 13 19 36 18 12 13 20 36 18 12 13 21 36 18 12 13 22 36 18 12 13 23 36 18 12 13 23 36 18 12 13 23 36 18 12 13 23 36 18 12 13 23 36 18 12 13 23 36 18 12 13 12 36 18 12 13 13 36 18 12 13 14 36 18 12 13 15 36 18 12 13 16 36 18 12 13 17 36 18 12 13 18 36 18 12 13 19 36 18 12 13 20 36 18 12 13 21 36 18 12 13 22 36 18 12 13 23 36 18 12 13 23 36 18 12 13 8 36 18 12 13 9 36 18 12 13 10 36 18 12 13 10 36 18 12 13 10 36 18 12 13 10 36 18 12 13 10 36 18 12 13 15 36 18 12 13 16 36 18 12 13 17 36 18 12 13 18 36 18 12 13 19 36 18 12 13 20 36 18 12 13 21 36 18 12 13 22 36 18 12 13 23 36 18 12 13 23 36 18 12 13 23 36 18 12 13 23 36 18 12 66 27 36 18 12 66 27 36 18 12 66 27 36 18 12 66 27 36 18 12 66 27 36 18 12 66 27 36 18 12 66 27 36 18 12 66 27 36 18 12 66 27 36 18 12 66 27 36 18 12 66 27 36 18 12 66 27 36 18 12 66 27 36 18 12 66 27 36 18 12 66 27 36 18 12 66 27 36 18 12 66 27 36 18 12 66 27 36 18 12 66 27 36 18 12 66 27 36 18 12 66 27 36 18 12 66 27 36 18 12 66 27 36 18 12 66 27 36 18 12 66 27 36 18 12 66 27 36 18 12 66 27 36 18 12 66 27 36 18 
0 1 2 3 4 5 6 7 8 9 10 11 12 13 14 15 16 17 18 19 20 21 22 23 24 25 26 27 28 29 30 31 32 33 34 35 36 37 38 39 40 41 42 43 44 45 46 47 48 49 50 51 52 53 54 55 56 57 58 59 60 
64 66 68 67 68 69 70 71 72 73 74 75 76 77 78 64 64 64 64 64 64 64 64 64 64 64 64 64 64 64 64 64 64 64 64 64 64 64 64 64 64 64 64 64 64 64 64 64 64 64 64 64 64 64 64 64 64 64 64 64 64 
288 297 302 310 320 330 340 340 340 340 344 348 352 352 352 357 362 363 364 365 365 365 365 365 365 365 365 365 365 365 365 365 365 365 365 365 365 365 365 365 365 365 365 365 365 365 365 365 365 365 365 365 365 365 365 365 365 365 365 365 365 
12 5 15 30 18 12 66 16 25 18 12 66 16 26 18 12 66 16 27 15 12 66 16 28 16 12 66 16 29 17 12 66 16 30 18 12 66 16 30 18 12 66 16 30 18 12 66 16 30 18 12 66 16 34 18 12 66 16 35 18 12 66 16 36 18 12 66 16 36 18 12 66 16 36 18 12 9 16 35 18 12 10 16 36 18 12 11 16 36 18 12 12 16 36 18 12 13 16 36 18 12 13 16 36 18 12 13 16 36 18 12 13 16 36 18 12 13 16 36 18 12 13 16 36 18 12 13 16 36 18 12 13 16 36 18 12 13 16 36 18 12 13 16 36 18 12 13 16 36 18 12 13 16 36 18 12 13 16 36 18 12 13 16 36 18 12 13 16 36 18 12 13 16 36 18 12 13 16 36 18 12 13 16 36 18 12 13 16 36 18 12 13 16 36 18 12 13 16 36 18 12 13 16 36 18 12 13 16 36 18 12 13 16 36 18 12 13 16 36 18 12 13 16 36 18 12 13 16 36 18 12 13 16 36 18 12 13 16 36 18 12 13 16 36 18 12 13 16 36 18 12 13 16 36 18 12 13 16 36 18 12 13 16 36 18 12 13 16 36 18 12 13 16 36 18 12 13 16 36 18 12 13 16 36 18 12 13 16 36 18 12 13 16 36 18 12 13 16 36 18 12 13 16 36 18 
0 1 2 3 4 5 6 7 8 9 10 11 12 13 14 15 16 17 18 19 20 21 22 23 24 25 26 27 28 29 30 31 32 33 34 35 36 37 38 39 40 41 42 43 44 45 46 47 48 49 50 51 52 53 54 55 56 57 58 59 60 61 62 63 64 
0 9 18 21 28 40 48 56 48 54 60 66 72 78 84 90 96 102 90 95 100 105 66 69 72 50 52 54 56 58 60 62 64 66 68 35 36 37 38 39 40 41 42 43 0 0 0 0 0 0 0 0 0 0 0 0 0 0 0 0 0 0 0 0 0 
238 244 250 259 269 274 282 288 295 302 306 310 314 318 322 326 330 330 331 335 339 343 351 361 361 362 365 365 365 365 365 365 365 365 365 366 371 371 371 371 371 371 371 371 375 379 383 383 383 383 383 383 383 383 383 383 383 383 383 383 383 383 383 383 383 
24 13 8 29 18 24 13 9 30 18 24 13 10 31 18 13 13 11 23 18 14 13 12 24 18 15 13 13 34 18 16 13 14 35 18 16 13 15 36 18 16 13 16 28 18 16 13 17 29 18 16 13 17 30 18 16 13 17 31 18 16 13 17 32 18 16 13 17 33 18 16 13 17 34 18 16 13 17 35 18 16 13 17 36 18 16 13 17 36 18 16 13 13 36 18 16 13 14 36 18 16 13 15 36 18 16 13 16 36 18 16 13 16 35 17 16 13 16 36 18 16 13 16 36 18 11 13 16 36 18 12 13 16 36 18 12 13 16 36 18 12 13 16 36 18 12 13 16 36 18 12 13 16 36 18 12 13 16 36 18 12 13 16 36 18 12 13 16 36 18 12 13 16 36 18 12 13 13 36 18 12 13 14 36 18 12 13 14 36 18 12 13 14 36 18 12 13 14 36 18 12 13 14 36 18 12 13 14 36 18 12 13 14 36 18 12 13 14 36 18 10 13 14 36 18 11 13 14 36 18 12 13 14 36 18 12 13 14 36 18 12 13 14 36 18 12 13 14 36 18 12 13 14 36 18 12 13 14 36 18 12 13 14 36 18 12 13 14 36 18 12 13 14 36 18 12 13 14 36 18 12 13 14 36 18 12 13 14 36 18 12 13 14 36 18 12 13 14 36 18 12 13 14 36 18 12 13 14 36 18 12 13 14 36 18 12 13 14 36 18 12 13 14 36 18 
0 1 2 3 4 5 6 7 8 9 10 11 12 13 14 15 16 17 18 19 20 21 22 23 24 25 26 27 28 29 30 31 32 33 34 35 36 37 38 39 40 41 42 43 44 45 46 47 48 49 50 51 52 53 54 55 56 
64 65 66 67 68 69 70 71 72 73 74 75 76 77 78 79 80 81 82 83 84 64 64 64 64 64 64 64 64 64 64 64 64 64 64 64 64 64 64 64 64 64 64 64 64 64 64 64 64 64 64 64 64 64 64 64 64 
340 340 344 348 352 352 352 352 352 352 352 352 352 352 352 352 352 352 352 352 352 357 362 363 364 365 365 365 365 365 365 365 365 365 365 365 365 365 365 365 365 365 365 365 365 365 365 365 365 365 365 365 365 365 365 365 365 
12 66 16 30 18 12 66 16 30 18 12 66 16 34 18 12 66 16 35 18 12 66 16 36 18 12 66 16 36 18 12 66 16 36 18 12 66 16 36 18 12 66 16 36 18 12 66 16 36 18 12 66 16 36 18 12 66 16 36 18 12 66 16 36 18 12 66 16 36 18 12 66 16 36 18 12 66 16 36 18 12 66 16 36 18 12 66 16 36 18 12 66 16 36 18 12 66 16 36 18 12 66 16 36 18 12 9 16 35 18 12 10 16 36 18 12 11 16 36 18 12 12 16 36 18 12 13 16 36 18 12 13 16 36 18 12 13 16 36 18 12 13 16 36 18 12 13 16 36 18 12 13 16 36 18 12 13 16 36 18 12 13 16 36 18 12 13 16 36 18 12 13 16 36 18 12 13 16 36 18 12 13 16 36 18 12 13 16 36 18 12 13 16 36 18 12 13 16 36 18 12 13 16 36 18 12 13 16 36 18 12 13 16 36 18 12 13 16 36 18 12 13 16 36 18 12 13 16 36 18 12 13 16 36 18 12 13 16 36 18 12 13 16 36 18 12 13 16 36 18 12 13 16 36 18 12 13 16 36 18 12 13 16 36 18 12 13 16 36 18 12 13 16 36 18 12 13 16 36 18 12 13 16 36 18 
Start iteration 2
Start leader price 27 28 30 32 28 
Start follower price 12 13 23 36 18 
0 1 2 3 4 5 6 7 8 9 10 11 12 13 14 15 16 17 18 19 20 21 22 23 24 25 26 27 28 29 30 31 32 33 34 35 36 37 38 39 40 41 42 43 44 45 46 47 48 49 50 51 52 53 54 
148 153 158 163 168 173 178 183 188 193 198 170 172 174 176 178 180 182 184 186 188 190 192 171 172 173 148 148 148 148 148 148 148 148 148 148 148 148 148 148 148 148 148 148 148 148 148 148 148 148 148 148 148 148 148 
230 235 240 245 250 255 260 261 266 271 276 279 287 295 303 311 311 311 314 314 316 320 327 329 329 329 337 347 347 347 356 357 362 368 377 377 377 377 377 377 377 377 377 377 377 377 377 377 377 377 377 377 377 377 377 
12 13 23 27 61 12 13 23 28 61 12 13 23 29 61 12 13 23 30 61 12 13 23 31 61 12 13 23 32 61 12 13 23 33 61 16 13 23 34 61 16 13 23 35 61 16 13 23 36 61 16 13 23 37 61 12 13 23 32 14 12 13 23 33 15 12 13 23 34 16 12 13 23 35 17 12 13 23 36 18 12 13 23 36 18 12 13 23 36 18 12 13 23 39 21 12 13 23 39 21 16 13 23 39 23 16 16 24 42 24 16 17 24 43 25 12 13 23 36 18 12 13 23 36 18 12 13 23 36 18 12 13 23 35 17 12 13 23 36 18 12 13 23 36 18 12 13 23 36 18 12 13 23 39 21 16 13 23 39 22 16 13 23 39 23 16 16 24 42 24 16 17 24 43 25 16 17 24 43 25 16 17 24 43 25 16 17 24 43 25 16 17 24 43 25 16 17 24 43 25 16 17 24 43 25 16 17 24 43 25 16 17 24 43 25 16 17 24 43 25 16 17 24 43 25 16 17 24 43 25 16 17 24 43 25 16 17 24 43 25 16 17 24 43 25 16 17 24 43 25 16 17 24 43 25 16 17 24 43 25 16 17 24 43 25 16 17 24 43 25 16 17 24 43 25 
0 1 2 3 4 5 6 7 8 9 10 11 12 13 14 15 16 17 18 19 20 21 22 23 24 25 26 27 28 29 30 31 32 33 34 35 36 37 38 39 40 41 42 43 44 45 46 47 48 49 50 51 52 53 54 55 56 57 58 59 60 61 62 63 64 65 66 67 68 69 70 71 72 73 74 75 
0 8 46 53 56 62 68 74 80 86 92 98 104 110 116 122 112 117 122 127 132 137 120 124 128 132 136 145 148 32 32 32 32 32 32 32 64 64 64 64 64 64 64 64 64 64 64 64 64 64 64 64 64 64 64 64 64 64 64 64 64 64 64 64 64 64 64 64 64 64 64 64 64 64 64 64 
314 315 316 317 318 319 320 321 322 323 324 324 324 324 324 324 325 327 329 331 333 335 337 339 341 343 345 347 347 349 355 361 361 361 361 361 361 365 369 373 377 381 385 389 393 393 393 393 396 396 396 396 396 396 396 396 396 396 396 396 396 396 396 396 396 396 396 396 396 396 396 396 396 396 396 396 
12 13 13 36 18 12 13 14 36 18 12 13 15 36 18 12 13 16 36 18 12 13 17 36 18 12 13 18 36 18 12 13 19 36 18 12 13 20 36 18 12 13 21 36 18 12 13 22 36 18 12 13 23 36 18 12 13 23 36 18 12 13 23 36 18 12 13 23 36 18 12 13 23 36 18 12 13 23 36 18 12 13 12 36 18 12 13 13 36 18 12 13 14 36 18 12 13 15 36 18 12 13 16 36 18 12 13 17 36 18 12 13 18 36 18 12 13 19 36 18 12 13 20 36 18 12 13 21 36 18 12 13 22 36 18 12 13 23 36 18 12 13 23 36 18 12 13 8 36 18 12 13 9 36 18 12 13 10 36 18 12 13 10 36 18 12 13 10 36 18 12 13 10 36 18 12 13 10 36 18 12 13 15 36 18 12 13 16 36 18 12 13 17 36 18 12 13 18 36 18 12 13 19 36 18 12 13 20 36 18 12 13 21 36 18 12 13 22 36 18 12 13 23 36 18 12 13 23 36 18 12 13 23 36 18 12 13 23 36 18 12 66 27 36 18 12 66 27 36 18 12 66 27 36 18 12 66 27 36 18 12 66 27 36 18 12 66 27 36 18 12 66 27 36 18 12 66 27 36 18 12 66 27 36 18 12 66 27 36 18 12 66 27 36 18 12 66 27 36 18 12 66 27 36 18 12 66 27 36 18 12 66 27 36 18 12 66 27 36 18 12 66 27 36 18 12 66 27 36 18 12 66 27 36 18 12 66 27 36 18 12 66 27 36 18 12 66 27 36 18 12 66 27 36 18 12 66 27 36 18 12 66 27 36 18 12 66 27 36 18 12 66 27 36 18 12 66 27 36 18 
0 1 2 3 4 5 6 7 8 9 10 11 12 13 14 15 16 17 18 19 20 21 22 23 24 25 26 27 28 29 30 31 32 33 34 35 36 37 38 39 40 41 42 43 44 45 46 47 48 49 50 51 52 53 54 55 56 57 58 59 60 
32 34 36 35 36 37 154 155 156 157 158 159 160 161 162 163 32 148 148 148 148 148 148 148 148 148 148 148 148 148 148 148 148 148 148 148 148 148 148 148 148 148 148 148 148 148 148 148 148 148 148 148 148 148 148 148 148 148 148 148 148 
270 275 280 288 298 308 318 320 322 324 328 332 336 336 336 336 340 341 344 347 347 347 347 347 347 347 347 347 347 347 347 347 347 347 347 347 347 347 347 347 347 347 347 347 347 347 347 347 347 347 347 347 347 347 347 347 347 347 347 347 347 
12 0 7 24 18 12 0 7 25 18 12 0 7 26 18 12 1 7 27 15 12 2 7 28 16 12 66 7 29 17 12 66 21 30 18 12 66 22 30 18 12 66 23 30 18 12 66 24 30 18 12 66 24 34 18 12 66 24 35 18 12 66 24 36 18 12 66 24 36 18 12 66 24 36 18 12 66 24 36 18 12 10 7 36 18 12 11 21 36 18 12 12 22 36 18 12 13 23 36 18 12 13 23 36 18 12 13 23 36 18 12 13 23 36 18 12 13 23 36 18 12 13 23 36 18 12 13 23 36 18 12 13 23 36 18 12 13 23 36 18 12 13 23 36 18 12 13 23 36 18 12 13 23 36 18 12 13 23 36 18 12 13 23 36 18 12 13 23 36 18 12 13 23 36 18 12 13 23 36 18 12 13 23 36 18 12 13 23 36 18 12 13 23 36 18 12 13 23 36 18 12 13 23 36 18 12 13 23 36 18 12 13 23 36 18 12 13 23 36 18 12 13 23 36 18 12 13 23 36 18 12 13 23 36 18 12 13 23 36 18 12 13 23 36 18 12 13 23 36 18 12 13 23 36 18 12 13 23 36 18 12 13 23 36 18 12 13 23 36 18 12 13 23 36 18 12 13 23 36 18 12 13 23 36 18 12 13 23 36 18 12 13 23 36 18 12 13 23 36 18 12 13 23 36 18 
0 1 2 3 4 5 6 7 8 9 10 11 12 13 14 15 16 17 18 19 20 21 22 23 24 25 26 27 28 29 30 31 32 33 34 35 36 37 38 39 40 41 42 43 44 45 46 47 48 49 50 51 52 53 54 55 56 57 58 59 60 61 62 63 64 
0 9 18 21 56 35 98 105 104 110 116 122 144 149 154 159 164 169 174 179 184 189 150 153 156 134 136 138 140 142 144 146 148 150 146 147 148 149 150 151 152 153 154 155 112 112 112 112 112 112 112 112 112 112 112 112 112 112 112 112 112 112 112 112 112 
238 241 244 250 257 263 268 273 279 285 291 297 303 309 315 321 325 325 325 325 325 325 333 343 343 344 347 347 347 347 347 347 347 347 347 347 347 347 347 347 347 347 347 347 351 355 359 359 359 359 359 359 359 359 359 359 359 359 359 359 359 359 359 359 359 
24 13 8 29 18 24 13 8 30 18 24 13 8 31 18 13 13 8 23 18 14 13 12 24 18 15 13 7 34 18 16 13 14 35 18 16 13 15 36 18 16 13 16 28 18 16 13 17 29 18 16 13 18 30 18 16 13 19 31 18 16 13 20 32 18 16 13 21 33 18 16 13 22 34 18 16 13 23 35 18 16 13 23 36 18 16 13 23 36 18 16 13 23 36 18 16 13 23 36 18 16 13 23 36 18 16 13 23 36 18 16 13 23 35 17 16 13 23 36 18 16 13 23 36 18 11 13 23 36 18 12 13 23 36 18 12 13 23 36 18 12 13 23 36 18 12 13 23 36 18 12 13 23 36 18 12 13 23 36 18 12 13 23 36 18 12 13 23 36 18 12 13 23 36 18 12 13 23 36 18 12 13 23 36 18 12 13 23 36 18 12 13 23 36 18 12 13 23 36 18 12 13 23 36 18 12 13 23 36 18 12 13 23 36 18 12 13 23 36 18 10 13 23 36 18 11 13 23 36 18 12 13 23 36 18 12 13 23 36 18 12 13 23 36 18 12 13 23 36 18 12 13 23 36 18 12 13 23 36 18 12 13 23 36 18 12 13 23 36 18 12 13 23 36 18 12 13 23 36 18 12 13 23 36 18 12 13 23 36 18 12 13 23 36 18 12 13 23 36 18 12 13 23 36 18 12 13 23 36 18 12 13 23 36 18 12 13 23 36 18 12 13 23 36 18 
0 1 2 3 4 5 6 7 8 9 10 11 12 13 14 15 16 17 18 19 20 21 22 23 24 25 26 27 28 29 30 31 32 33 34 35 36 37 38 39 40 41 42 43 44 45 46 47 48 49 50 51 52 53 54 55 56 
32 33 150 151 152 153 154 155 156 157 158 159 160 161 162 163 164 165 166 167 168 169 32 148 148 148 148 148 148 148 148 148 148 148 148 148 148 148 148 148 148 148 148 148 148 148 148 148 148 148 148 148 148 148 148 148 148 
318 318 322 328 334 336 336 336 336 336 336 336 336 336 336 336 336 336 336 336 336 336 340 341 344 347 347 347 347 347 347 347 347 347 347 347 347 347 347 347 347 347 347 347 347 347 347 347 347 347 347 347 347 347 347 347 347 
12 4 7 30 18 12 4 7 30 18 12 11 21 34 18 12 12 22 35 18 12 66 23 36 18 12 66 24 36 18 12 66 24 36 18 12 66 24 36 18 12 66 24 36 18 12 66 24 36 18 12 66 24 36 18 12 66 24 36 18 12 66 24 36 18 12 66 24 36 18 12 66 24 36 18 12 66 24 36 18 12 66 24 36 18 12 66 24 36 18 12 66 24 36 18 12 66 24 36 18 12 66 24 36 18 12 66 24 36 18 12 10 7 36 18 12 11 21 36 18 12 12 22 36 18 12 13 23 36 18 12 13 23 36 18 12 13 23 36 18 12 13 23 36 18 12 13 23 36 18 12 13 23 36 18 12 13 23 36 18 12 13 23 36 18 12 13 23 36 18 12 13 23 36 18 12 13 23 36 18 12 13 23 36 18 12 13 23 36 18 12 13 23 36 18 12 13 23 36 18 12 13 23 36 18 12 13 23 36 18 12 13 23 36 18 12 13 23 36 18 12 13 23 36 18 12 13 23 36 18 12 13 23 36 18 12 13 23 36 18 12 13 23 36 18 12 13 23 36 18 12 13 23 36 18 12 13 23 36 18 12 13 23 36 18 12 13 23 36 18 12 13 23 36 18 12 13 23 36 18 12 13 23 36 18 
Start iteration 3
Start leader price 10 28 30 32 28 
Start follower price 16 13 23 37 61 
0 1 2 3 4 5 6 7 8 9 10 11 12 13 14 15 16 17 18 19 20 21 22 23 24 25 26 27 28 29 30 31 32 33 34 35 36 37 38 39 40 41 42 43 44 45 46 47 48 49 50 51 52 53 54 
148 153 158 163 168 173 178 183 188 193 198 170 172 174 176 178 180 182 184 186 188 190 192 171 172 173 148 148 148 148 148 148 148 148 148 148 148 148 148 148 148 148 148 148 148 148 148 148 148 148 148 148 148 148 148 
230 235 240 245 250 255 260 261 266 271 276 279 287 295 303 311 311 311 314 314 316 320 327 329 329 329 337 347 347 347 356 357 362 368 377 377 377 377 377 377 377 377 377 377 377 377 377 377 377 377 377 377 377 377 377 
12 13 23 27 61 12 13 23 28 61 12 13 23 29 61 12 13 23 30 61 12 13 23 31 61 12 13 23 32 61 12 13 23 33 61 16 13 23 34 61 16 13 23 35 61 16 13 23 36 61 16 13 23 37 61 12 13 23 32 14 12 13 23 33 15 12 13 23 34 16 12 13 23 35 17 12 13 23 36 18 12 13 23 36 18 12 13 23 36 18 12 13 23 39 21 12 13 23 39 21 16 13 23 39 23 16 16 24 42 24 16 17 24 43 25 12 13 23 36 18 12 13 23 36 18 12 13 23 36 18 12 13 23 35 17 12 13 23 36 18 12 13 23 36 18 12 13 23 36 18 12 13 23 39 21 16 13 23 39 22 16 13 23 39 23 16 16 24 42 24 16 17 24 43 25 16 17 24 43 25 16 17 24 43 25 16 17 24 43 25 16 17 24 43 25 16 17 24 43 25 16 17 24 43 25 16 17 24 43 25 16 17 24 43 25 16 17 24 43 25 16 17 24 43 25 16 17 24 43 25 16 17 24 43 25 16 17 24 43 25 16 17 24 43 25 16 17 24 43 25 16 17 24 43 25 16 17 24 43 25 16 17 24 43 25 16 17 24 43 25 16 17 24 43 25 
0 1 2 3 4 5 6 7 8 9 10 11 12 13 14 15 16 17 18 19 20 21 22 23 24 25 26 27 28 29 30 31 32 33 34 35 36 37 38 39 40 41 42 43 44 45 46 47 48 49 50 51 52 53 54 55 56 57 58 59 60 61 62 63 64 65 66 67 68 69 70 71 72 73 74 75 
20 28 96 103 106 112 118 124 130 136 142 148 154 160 166 172 162 167 172 177 182 187 170 174 178 182 186 195 198 82 82 82 82 82 82 82 114 114 114 114 114 114 114 114 114 114 114 114 114 114 114 114 114 114 114 114 114 114 114 114 114 114 114 114 114 114 114 114 114 114 114 114 114 114 114 114 
238 239 240 246 247 248 249 250 251 252 253 253 253 253 253 253 254 256 258 260 262 264 266 268 270 272 274 276 276 278 284 290 290 290 290 290 290 294 298 302 306 310 314 318 322 322 322 322 325 325 325 325 325 325 325 325 325 325 325 325 325 325 325 325 325 325 325 325 325 325 325 325 325 325 325 325 
12 13 13 31 13 12 13 14 31 13 16 13 15 36 24 16 13 16 37 25 16 13 17 37 25 16 13 18 37 25 16 13 19 37 25 16 13 20 37 25 16 13 21 37 25 16 13 22 37 25 16 13 23 37 25 16 13 23 37 25 16 13 23 37 25 16 13 23 37 25 16 13 23 37 25 16 13 23 37 25 16 13 12 37 25 16 13 13 37 25 16 13 14 37 25 16 13 15 37 25 16 13 16 37 25 16 13 17 37 25 16 13 18 37 25 16 13 19 37 25 16 13 20 37 25 16 13 21 37 25 16 13 22 37 25 16 13 23 37 25 16 13 23 37 25 16 13 8 37 25 16 13 9 37 25 16 13 10 37 25 16 13 10 37 25 16 13 10 37 25 16 13 10 37 25 16 13 10 37 25 16 13 15 37 25 16 13 16 37 25 16 13 17 37 25 16 13 18 37 25 16 13 19 37 25 16 13 20 37 25 16 13 21 37 25 16 13 22 37 25 16 13 23 37 25 16 13 23 37 25 16 13 23 37 25 16 13 23 37 25 16 17 27 37 25 16 17 27 37 25 16 17 27 37 25 16 17 27 37 25 16 17 27 37 25 16 17 27 37 25 16 17 27 37 25 16 17 27 37 25 16 17 27 37 25 16 17 27 37 25 16 17 27 37 25 16 17 27 37 25 16 17 27 37 25 16 17 27 37 25 16 17 27 37 25 16 17 27 37 25 16 17 27 37 25 16 17 27 37 25 16 17 27 37 25 16 17 27 37 25 16 17 27 37 25 16 17 27 37 25 16 17 27 37 25 16 17 27 37 25 16 17 27 37 25 16 17 27 37 25 16 17 27 37 25 16 17 27 37 25 
0 1 2 3 4 5 6 7 8 9 10 11 12 13 14 15 16 17 18 19 20 21 22 23 24 25 26 27 28 29 30 31 32 33 34 35 36 37 38 39 40 41 42 43 44 45 46 47 48 49 50 51 52 53 54 55 56 57 58 59 60 
52 53 54 55 56 57 174 175 176 177 178 179 210 211 212 213 214 198 198 198 198 198 198 198 198 198 198 198 198 198 198 198 198 198 198 198 198 198 198 198 198 198 198 198 198 198 198 198 198 198 198 198 198 198 198 198 198 198 198 198 198 
234 242 242 242 242 246 250 256 258 260 260 260 260 265 265 265 265 270 273 276 276 276 276 276 276 276 276 276 276 276 276 276 276 276 276 276 276 276 276 276 276 276 276 276 276 276 276 276 276 276 276 276 276 276 276 276 276 276 276 276 276 
12 66 7 24 12 12 66 7 25 13 12 66 7 25 13 12 66 7 25 13 12 66 7 25 13 12 66 7 29 13 12 66 21 30 13 12 66 22 31 13 12 66 23 31 13 12 66 24 31 13 12 66 24 31 13 12 66 24 31 13 16 66 24 36 24 16 66 24 37 61 16 66 24 37 61 16 66 24 37 61 16 66 24 37 61 16 11 21 37 61 16 12 22 37 61 16 13 23 37 61 16 13 23 37 61 16 13 23 37 61 16 13 23 37 61 16 13 23 37 61 16 13 23 37 61 16 13 23 37 61 16 13 23 37 61 16 13 23 37 61 16 13 23 37 61 16 13 23 37 61 16 13 23 37 61 16 13 23 37 61 16 13 23 37 61 16 13 23 37 61 16 13 23 37 61 16 13 23 37 61 16 13 23 37 61 16 13 23 37 61 16 13 23 37 61 16 13 23 37 61 16 13 23 37 61 16 13 23 37 61 16 13 23 37 61 16 13 23 37 61 16 13 23 37 61 16 13 23 37 61 16 13 23 37 61 16 13 23 37 61 16 13 23 37 61 16 13 23 37 61 16 13 23 37 61 16 13 23 37 61 16 13 23 37 61 16 13 23 37 61 16 13 23 37 61 16 13 23 37 61 16 13 23 37 61 16 13 23 37 61 16 13 23 37 61 16 13 23 37 61 16 13 23 37 61 
0 1 2 3 4 5 6 7 8 9 10 11 12 13 14 15 16 17 18 19 20 21 22 23 24 25 26 27 28 29 30 31 32 33 34 35 36 37 38 39 40 41 42 43 44 45 46 47 48 49 50 51 52 53 54 55 56 57 58 59 60 61 62 63 64 
20 29 38 44 76 50 112 118 124 130 136 142 164 169 174 179 184 172 176 180 184 188 170 173 176 154 156 158 160 192 194 196 198 200 196 197 198 199 200 201 202 203 204 205 206 132 132 132 132 162 162 162 162 162 162 162 162 162 162 162 162 162 162 162 162 
187 190 193 195 200 210 216 222 228 234 240 246 248 250 252 254 254 259 267 267 267 267 267 267 267 268 271 271 271 271 276 276 276 276 276 276 276 276 276 276 276 276 276 276 276 279 283 283 283 284 292 292 292 292 292 292 292 292 292 292 292 292 292 292 292 
24 13 8 29 13 24 13 8 30 13 24 13 8 31 13 13 13 8 31 13 14 13 12 24 13 15 13 7 25 13 16 13 14 26 13 16 13 15 27 13 16 13 16 28 13 16 13 17 29 13 16 13 18 30 13 16 13 19 31 13 16 13 20 31 13 16 13 21 31 13 16 13 22 31 13 16 13 23 31 13 16 13 23 31 13 16 13 23 30 12 16 13 23 31 13 16 13 23 31 13 16 13 23 31 13 16 13 23 31 13 16 13 23 31 13 16 13 23 31 13 16 13 23 31 13 11 13 23 31 13 12 13 23 31 13 12 13 23 31 13 12 13 23 31 13 16 13 23 36 61 16 13 23 37 61 16 13 23 37 61 16 13 23 37 61 16 13 23 37 61 16 13 23 37 61 16 13 23 37 61 16 13 23 37 61 16 13 23 37 61 16 13 23 37 61 16 13 23 37 61 16 13 23 37 61 16 13 23 37 61 16 13 23 37 61 16 13 23 37 61 16 13 23 37 61 11 13 23 31 13 12 13 23 31 13 12 13 23 31 13 12 13 23 31 13 15 13 23 36 24 16 13 23 37 25 16 13 23 37 25 16 13 23 37 25 16 13 23 37 25 16 13 23 37 25 16 13 23 37 25 16 13 23 37 25 16 13 23 37 25 16 13 23 37 25 16 13 23 37 25 16 13 23 37 25 16 13 23 37 25 16 13 23 37 25 16 13 23 37 25 16 13 23 37 25 
0 1 2 3 4 5 6 7 8 9 10 11 12 13 14 15 16 17 18 19 20 21 22 23 24 25 26 27 28 29 30 31 32 33 34 35 36 37 38 39 40 41 42 43 44 45 46 47 48 49 50 51 52 53 54 55 56 
52 53 170 171 202 203 204 205 206 207 208 209 210 211 212 213 214 215 216 217 218 219 220 198 198 198 198 198 198 198 198 198 198 198 198 198 198 198 198 198 198 198 198 198 198 198 198 198 198 198 198 198 198 198 198 198 198 
254 254 254 256 258 265 265 265 265 265 265 265 265 265 265 265 265 265 265 265 265 265 265 270 273 276 276 276 276 276 276 276 276 276 276 276 276 276 276 276 276 276 276 276 276 276 276 276 276 276 276 276 276 276 276 276 276 
12 66 7 31 13 12 66 7 31 13 12 66 21 31 13 12 66 22 31 13 16 66 23 36 24 16 66 24 37 25 16 66 24 37 25 16 66 24 37 25 16 66 24 37 25 16 66 24 37 25 16 66 24 37 25 16 66 24 37 25 16 66 24 37 25 16 66 24 37 25 16 66 24 37 25 16 66 24 37 25 16 66 24 37 25 16 66 24 37 25 16 66 24 37 25 16 66 24 37 25 16 66 24 37 25 16 66 24 37 25 16 66 24 37 25 16 11 21 37 25 16 12 22 37 25 16 13 23 37 25 16 13 23 37 25 16 13 23 37 25 16 13 23 37 25 16 13 23 37 25 16 13 23 37 25 16 13 23 37 25 16 13 23 37 25 16 13 23 37 25 16 13 23 37 25 16 13 23 37 25 16 13 23 37 25 16 13 23 37 25 16 13 23 37 25 16 13 23 37 25 16 13 23 37 25 16 13 23 37 25 16 13 23 37 25 16 13 23 37 25 16 13 23 37 25 16 13 23 37 25 16 13 23 37 25 16 13 23 37 25 16 13 23 37 25 16 13 23 37 25 16 13 23 37 25 16 13 23 37 25 16 13 23 37 25 16 13 23 37 25 16 13 23 37 25 16 13 23 37 25 16 13 23 37 25 
Start iteration 4
Start leader price 10 28 30 32 22 
Start follower price 16 66 24 37 25 
0 1 2 3 4 5 6 7 8 9 10 11 12 13 14 15 16 17 18 19 20 21 22 23 24 25 26 27 28 29 30 31 32 33 34 35 36 37 38 39 40 41 42 43 44 45 46 47 48 49 50 51 52 53 54 
32 37 42 47 52 57 62 67 72 77 220 54 56 58 60 62 64 66 68 208 210 212 214 216 218 220 32 32 32 199 200 201 170 170 170 170 170 170 170 170 170 170 170 170 170 170 170 170 170 170 170 170 170 170 170 
223 228 233 238 243 248 253 254 259 264 265 272 280 288 296 304 304 304 304 306 313 320 327 327 327 327 330 340 340 344 352 352 359 368 377 377 377 377 377 377 377 377 377 377 377 377 377 377 377 377 377 377 377 377 377 
12 10 7 27 61 12 10 7 28 61 12 10 7 29 61 12 10 7 30 61 12 10 7 31 61 12 10 7 32 61 12 10 7 33 61 16 10 7 34 61 16 10 7 35 61 16 10 7 36 61 16 66 24 37 61 12 10 7 32 14 12 10 7 33 15 12 10 7 34 16 12 10 7 35 17 12 10 7 36 18 12 10 7 36 18 12 10 7 36 18 12 10 7 36 18 16 14 24 40 22 16 66 24 41 23 16 66 24 42 24 16 66 24 43 25 16 66 24 43 25 16 66 24 43 25 16 66 24 43 25 12 10 7 35 17 12 10 7 36 18 12 10 7 36 18 16 66 24 42 24 16 66 24 43 25 16 66 24 43 25 16 66 24 41 23 16 66 24 42 24 16 66 24 43 25 16 66 24 43 25 16 66 24 43 25 16 66 24 43 25 16 66 24 43 25 16 66 24 43 25 16 66 24 43 25 16 66 24 43 25 16 66 24 43 25 16 66 24 43 25 16 66 24 43 25 16 66 24 43 25 16 66 24 43 25 16 66 24 43 25 16 66 24 43 25 16 66 24 43 25 16 66 24 43 25 16 66 24 43 25 16 66 24 43 25 16 66 24 43 25 16 66 24 43 25 
0 1 2 3 4 5 6 7 8 9 10 11 12 13 14 15 16 17 18 19 20 21 22 23 24 25 26 27 28 29 30 31 32 33 34 35 36 37 38 39 40 41 42 43 44 45 46 47 48 49 50 51 52 53 54 55 56 57 58 59 60 61 62 63 64 65 66 67 68 69 70 71 72 73 74 75 
20 28 96 103 106 112 118 124 130 136 142 148 176 182 188 194 200 167 172 177 182 187 170 174 178 182 186 217 220 82 82 82 82 82 82 82 114 114 114 114 114 114 114 136 136 136 136 136 136 136 136 136 136 136 136 136 136 136 136 136 136 136 136 136 136 136 136 136 136 136 136 136 136 136 136 136 
235 236 237 238 239 240 241 242 242 242 242 242 242 243 244 245 246 248 250 252 254 256 258 260 262 262 262 263 265 270 276 282 282 282 282 282 282 286 290 294 298 302 302 305 309 313 317 321 325 325 325 325 325 325 325 325 325 325 325 325 325 325 325 325 325 325 325 325 325 325 325 325 325 325 325 325 
12 10 13 31 13 12 10 14 31 13 16 10 15 36 24 16 10 16 36 24 16 10 17 36 24 16 10 18 36 24 16 10 19 36 24 16 10 20 36 24 16 10 20 36 24 16 10 20 36 24 16 10 20 36 24 16 10 20 36 24 16 66 25 37 61 16 66 26 37 61 16 66 27 37 61 16 66 28 37 61 16 66 29 37 61 16 10 13 36 61 16 10 14 36 61 16 10 15 36 61 16 10 16 36 61 16 10 17 36 61 16 10 18 36 61 16 10 19 36 61 16 10 20 36 61 16 10 20 36 61 16 10 20 36 61 16 13 23 37 61 16 66 24 37 61 16 10 8 36 61 16 10 9 36 61 16 10 10 36 61 16 10 10 36 61 16 10 10 36 61 16 10 10 36 61 16 10 10 36 61 16 10 15 36 61 16 10 16 36 61 16 10 17 36 61 16 10 18 36 61 16 10 19 36 61 16 10 20 36 61 16 10 20 36 61 16 66 22 37 61 16 66 23 37 61 16 66 24 37 61 16 66 25 37 61 16 66 26 37 61 16 66 27 37 61 16 66 27 37 61 16 66 27 37 61 16 66 27 37 61 16 66 27 37 61 16 66 27 37 61 16 66 27 37 61 16 66 27 37 61 16 66 27 37 61 16 66 27 37 61 16 66 27 37 61 16 66 27 37 61 16 66 27 37 61 16 66 27 37 61 16 66 27 37 61 16 66 27 37 61 16 66 27 37 61 16 66 27 37 61 16 66 27 37 61 16 66 27 37 61 16 66 27 37 61 16 66 27 37 61 16 66 27 37 61 16 66 27 37 61 16 66 27 37 61 16 66 27 37 61 16 66 27 37 61 16 66 27 37 61 
0 1 2 3 4 5 6 7 8 9 10 11 12 13 14 15 16 17 18 19 20 21 22 23 24 25 26 27 28 29 30 31 32 33 34 35 36 37 38 39 40 41 42 43 44 45 46 47 48 49 50 51 52 53 54 55 56 57 58 59 60 
52 53 54 55 56 57 174 175 176 177 178 179 210 211 212 213 220 220 220 220 220 220 220 220 220 220 220 220 220 220 220 220 220 220 220 220 220 220 220 220 220 220 220 220 220 220 220 220 220 220 220 220 220 220 220 220 220 220 220 220 220 
234 242 242 242 242 246 250 256 258 260 260 260 260 265 265 265 265 265 265 265 265 265 265 265 265 265 265 265 265 265 265 265 265 265 265 265 265 265 265 265 265 265 265 265 265 265 265 265 265 265 265 265 265 265 265 265 265 265 265 265 265 
12 66 7 24 12 12 66 7 25 13 12 66 7 25 13 12 66 7 25 13 12 66 7 25 13 12 66 7 29 13 12 66 21 30 13 12 66 22 31 13 12 66 23 31 13 12 66 24 31 13 12 66 24 31 13 12 66 24 31 13 16 66 24 36 24 16 66 24 37 61 16 66 24 37 61 16 66 24 37 61 16 66 24 37 61 16 66 24 37 61 16 66 24 37 61 16 66 24 37 61 16 66 24 37 61 16 66 24 37 61 16 66 24 37 61 16 66 24 37 61 16 66 24 37 61 16 66 24 37 61 16 66 24 37 61 16 66 24 37 61 16 66 24 37 61 16 66 24 37 61 16 66 24 37 61 16 66 24 37 61 16 66 24 37 61 16 66 24 37 61 16 66 24 37 61 16 66 24 37 61 16 66 24 37 61 16 66 24 37 61 16 66 24 37 61 16 66 24 37 61 16 66 24 37 61 16 66 24 37 61 16 66 24 37 61 16 66 24 37 61 16 66 24 37 61 16 66 24 37 61 16 66 24 37 61 16 66 24 37 61 16 66 24 37 61 16 66 24 37 61 16 66 24 37 61 16 66 24 37 61 16 66 24 37 61 16 66 24 37 61 16 66 24 37 61 16 66 24 37 61 16 66 24 37 61 16 66 24 37 61 16 66 24 37 61 16 66 24 37 61 16 66 24 37 61 
0 1 2 3 4 5 6 7 8 9 10 11 12 13 14 15 16 17 18 19 20 21 22 23 24 25 26 27 28 29 30 31 32 33 34 35 36 37 38 39 40 41 42 43 44 45 46 47 48 49 50 51 52 53 54 55 56 57 58 59 60 61 62 63 64 
20 29 38 44 102 50 112 118 124 130 136 142 164 169 174 179 184 172 176 180 184 188 170 173 176 154 156 158 160 79 216 218 220 222 218 219 220 221 222 223 224 225 226 227 20 20 20 20 20 50 184 184 184 184 184 184 184 184 184 184 184 184 184 184 184 
184 187 190 192 197 207 213 219 225 231 237 243 245 245 245 245 245 250 258 258 258 258 258 258 258 259 262 262 262 264 265 265 265 265 265 265 265 265 265 265 265 265 265 265 268 272 276 276 276 277 281 281 281 281 281 281 281 281 281 281 281 281 281 281 281 
24 10 8 29 13 24 10 8 30 13 24 10 8 31 13 13 10 8 31 13 14 24 34 24 13 15 10 7 25 13 16 10 14 26 13 16 10 15 27 13 16 10 16 28 13 16 10 17 29 13 16 10 18 30 13 16 10 19 31 13 16 10 20 31 13 16 10 20 31 13 16 10 20 31 13 16 10 20 31 13 16 10 20 31 13 16 10 20 30 12 16 10 20 31 13 16 10 20 31 13 16 10 20 31 13 16 10 20 31 13 16 10 20 31 13 16 10 20 31 13 16 10 20 31 13 11 10 20 31 13 12 10 20 31 13 12 10 20 31 13 12 10 20 31 13 16 10 7 36 24 16 14 24 37 25 16 14 24 37 25 16 14 24 37 25 16 14 24 37 25 16 14 24 37 25 16 14 24 37 25 16 14 24 37 25 16 14 24 37 25 16 14 24 37 25 16 14 24 37 25 16 14 24 37 25 16 14 24 37 25 16 14 24 37 25 16 14 24 37 25 10 10 7 31 13 11 10 7 31 13 12 10 7 31 13 12 10 7 31 13 12 10 7 31 13 15 10 7 36 61 16 66 24 37 61 16 66 24 37 61 16 66 24 37 61 16 66 24 37 61 16 66 24 37 61 16 66 24 37 61 16 66 24 37 61 16 66 24 37 61 16 66 24 37 61 16 66 24 37 61 16 66 24 37 61 16 66 24 37 61 16 66 24 37 61 16 66 24 37 61 16 66 24 37 61 
0 1 2 3 4 5 6 7 8 9 10 11 12 13 14 15 16 17 18 19 20 21 22 23 24 25 26 27 28 29 30 31 32 33 34 35 36 37 38 39 40 41 42 43 44 45 46 47 48 49 50 51 52 53 54 55 56 
52 53 170 171 202 203 204 205 206 207 208 209 210 211 212 213 214 215 216 217 218 219 220 198 198 198 198 198 198 198 198 198 198 198 198 198 198 198 198 198 198 198 198 198 198 198 198 198 198 198 198 198 198 198 198 198 198 
254 254 254 256 258 265 265 265 265 265 265 265 265 265 265 265 265 265 265 265 265 265 265 270 273 276 276 276 276 276 276 276 276 276 276 276 276 276 276 276 276 276 276 276 276 276 276 276 276 276 276 276 276 276 276 276 276 
12 66 7 31 13 12 66 7 31 13 12 66 21 31 13 12 66 22 31 13 16 66 23 36 24 16 66 24 37 25 16 66 24 37 25 16 66 24 37 25 16 66 24 37 25 16 66 24 37 25 16 66 24 37 25 16 66 24 37 25 16 66 24 37 25 16 66 24 37 25 16 66 24 37 25 16 66 24 37 25 16 66 24 37 25 16 66 24 37 25 16 66 24 37 25 16 66 24 37 25 16 66 24 37 25 16 66 24 37 25 16 66 24 37 25 16 11 21 37 25 16 12 22 37 25 16 13 23 37 25 16 13 23 37 25 16 13 23 37 25 16 13 23 37 25 16 13 23 37 25 16 13 23 37 25 16 13 23 37 25 16 13 23 37 25 16 13 23 37 25 16 13 23 37 25 16 13 23 37 25 16 13 23 37 25 16 13 23 37 25 16 13 23 37 25 16 13 23 37 25 16 13 23 37 25 16 13 23 37 25 16 13 23 37 25 16 13 23 37 25 16 13 23 37 25 16 13 23 37 25 16 13 23 37 25 16 13 23 37 25 16 13 23 37 25 16 13 23 37 25 16 13 23 37 25 16 13 23 37 25 16 13 23 37 25 16 13 23 37 25 16 13 23 37 25 16 13 23 37 25 16 13 23 37 25 
Start iteration 5
Start leader price 10 28 30 43 22 
Start follower price 16 14 24 37 25 
0 1 2 3 4 5 6 7 8 9 10 11 12 13 14 15 16 17 18 19 20 21 22 23 24 25 26 27 28 29 30 31 32 33 34 35 36 37 38 39 40 41 42 43 44 45 46 47 48 49 50 51 52 53 54 
43 48 53 58 63 68 73 78 83 88 227 65 67 69 71 73 75 77 79 215 217 219 221 223 225 227 43 43 43 206 207 208 177 177 177 177 177 177 177 177 177 177 177 177 177 177 177 177 177 177 177 177 177 177 177 
223 228 233 238 243 248 253 254 259 264 265 272 280 288 296 304 304 304 304 306 313 320 327 327 327 327 330 340 340 344 352 352 359 368 377 377 377 377 377 377 377 377 377 377 381 382 383 384 385 386 387 388 389 390 391 
12 10 7 27 15 12 10 7 28 41 12 10 7 29 41 12 10 7 30 41 12 10 7 31 41 12 10 7 32 41 12 10 7 33 41 16 10 7 34 41 16 10 7 35 41 16 10 7 36 41 16 66 24 37 41 12 10 7 32 14 12 10 7 33 15 12 10 7 34 16 12 10 7 35 17 12 10 7 36 18 12 10 7 36 18 12 10 7 36 18 12 10 7 36 18 16 66 24 40 22 16 66 24 41 23 16 66 24 42 24 16 66 24 43 25 16 66 24 43 25 16 66 24 43 25 16 66 24 43 25 12 10 7 35 17 12 10 7 36 18 12 10 7 36 18 16 66 24 42 24 16 66 24 43 25 16 66 24 43 25 16 66 24 41 23 16 66 24 42 24 16 66 24 43 25 16 66 24 43 25 16 66 24 43 25 16 66 24 43 25 16 66 24 43 25 16 66 24 43 25 16 66 24 43 25 16 66 24 43 25 16 66 24 43 25 16 66 24 43 25 24 66 24 45 39 24 66 24 45 40 24 66 24 45 41 24 66 24 45 42 24 66 24 45 43 24 66 24 45 44 24 66 24 45 45 24 66 24 45 46 24 66 24 45 47 24 66 24 45 48 24 66 24 45 49 
0 1 2 3 4 5 6 7 8 9 10 11 12 13 14 15 16 17 18 19 20 21 22 23 24 25 26 27 28 29 30 31 32 33 34 35 36 37 38 39 40 41 42 43 44 45 46 47 48 49 50 51 52 53 54 55 56 57 58 59 60 61 62 63 64 65 66 67 68 69 70 71 72 73 74 75 
20 28 66 74 78 85 92 99 106 113 120 127 156 193 199 205 211 178 183 188 193 198 181 185 189 193 197 223 227 93 93 93 93 93 93 93 93 93 93 93 93 93 93 115 115 115 115 115 115 115 115 115 115 115 115 115 115 115 115 115 115 115 115 115 115 115 115 115 115 115 115 115 115 115 115 115 
235 236 237 238 239 240 241 242 242 242 242 242 242 243 244 245 246 248 250 252 254 256 258 260 262 262 262 263 265 270 276 282 282 282 287 292 292 292 292 294 298 302 302 305 309 313 317 321 325 329 333 333 333 333 333 333 333 333 333 333 333 333 333 333 333 333 333 333 333 333 333 333 333 333 333 333 
12 10 13 31 13 12 10 14 31 13 16 10 15 36 24 16 10 16 36 24 16 10 17 36 24 16 10 18 36 24 16 10 19 36 24 16 10 20 36 24 16 10 20 36 24 16 10 20 36 24 16 10 20 36 24 16 10 20 36 24 16 66 25 37 61 16 66 26 37 61 16 66 27 37 61 16 66 28 37 61 16 66 29 37 61 16 10 13 36 61 16 10 14 36 61 16 10 15 36 61 16 10 16 36 61 16 10 17 36 61 16 10 18 36 61 16 10 19 36 61 16 10 20 36 61 16 10 20 36 61 16 10 20 36 61 16 66 23 37 61 16 66 24 37 61 16 10 8 36 61 16 10 9 36 61 16 10 10 36 61 16 10 10 36 61 16 10 10 36 61 16 10 13 36 61 16 10 14 36 61 16 10 14 36 61 16 10 14 36 61 16 10 14 36 61 16 10 18 36 61 16 10 19 36 61 16 10 20 36 61 16 10 20 36 61 16 66 22 37 61 16 66 23 37 61 16 66 24 37 61 16 66 25 37 61 16 66 26 37 61 16 66 27 37 61 16 66 28 37 61 16 66 29 37 61 16 66 29 37 61 16 66 29 37 61 16 66 29 37 61 16 66 29 37 61 16 66 29 37 61 16 66 29 37 61 16 66 29 37 61 16 66 29 37 61 16 66 29 37 61 16 66 29 37 61 16 66 29 37 61 16 66 29 37 61 16 66 29 37 61 16 66 29 37 61 16 66 29 37 61 16 66 29 37 61 16 66 29 37 61 16 66 29 37 61 16 66 29 37 61 16 66 29 37 61 16 66 29 37 61 16 66 29 37 61 16 66 29 37 61 16 66 29 37 61 16 66 29 37 61 
0 1 2 3 4 5 6 7 8 9 10 11 12 13 14 15 16 17 18 19 20 21 22 23 24 25 26 27 28 29 30 31 32 33 34 35 36 37 38 39 40 41 42 43 44 45 46 47 48 49 50 51 52 53 54 55 56 57 58 59 60 
63 64 65 66 67 68 181 182 183 184 185 186 217 218 219 220 227 227 227 227 227 227 227 227 227 227 227 227 227 227 227 227 227 227 227 227 227 227 227 227 227 227 227 227 227 227 227 227 227 227 227 227 227 227 227 227 227 227 227 227 227 
234 242 242 242 242 246 250 256 258 260 260 260 260 265 265 265 265 265 265 265 265 265 265 265 265 265 265 265 265 265 265 265 265 265 265 265 265 265 265 265 265 265 265 265 265 265 265 265 265 265 265 265 265 265 265 265 265 265 265 265 265 
12 0 7 24 12 12 0 7 25 13 12 0 7 25 13 12 0 7 25 13 12 0 7 25 13 12 66 7 29 13 12 66 21 30 13 12 66 22 31 13 12 66 23 31 13 12 66 24 31 13 12 66 24 31 13 12 66 24 31 13 16 66 24 36 61 16 66 24 37 61 16 66 24 37 61 16 66 24 37 61 16 66 24 37 61 16 66 24 37 61 16 66 24 37 61 16 66 24 37 61 16 66 24 37 61 16 66 24 37 61 16 66 24 37 61 16 66 24 37 61 16 66 24 37 61 16 66 24 37 61 16 66 24 37 61 16 66 24 37 61 16 66 24 37 61 16 66 24 37 61 16 66 24 37 61 16 66 24 37 61 16 66 24 37 61 16 66 24 37 61 16 66 24 37 61 16 66 24 37 61 16 66 24 37 61 16 66 24 37 61 16 66 24 37 61 16 66 24 37 61 16 66 24 37 61 16 66 24 37 61 16 66 24 37 61 16 66 24 37 61 16 66 24 37 61 16 66 24 37 61 16 66 24 37 61 16 66 24 37 61 16 66 24 37 61 16 66 24 37 61 16 66 24 37 61 16 66 24 37 61 16 66 24 37 61 16 66 24 37 61 16 66 24 37 61 16 66 24 37 61 16 66 24 37 61 16 66 24 37 61 16 66 24 37 61 16 66 24 37 61 16 66 24 37 61 
0 1 2 3 4 5 6 7 8 9 10 11 12 13 14 15 16 17 18 19 20 21 22 23 24 25 26 27 28 29 30 31 32 33 34 35 36 37 38 39 40 41 42 43 44 45 46 47 48 49 50 51 52 53 54 55 56 57 58 59 60 61 62 63 64 
20 29 38 44 102 50 112 118 124 130 136 142 164 169 174 179 184 172 176 180 184 188 170 173 176 154 156 158 160 79 216 218 220 222 218 219 220 221 222 223 224 225 226 227 20 20 20 20 20 50 184 184 184 184 184 184 184 184 184 184 184 184 184 184 184 
184 187 190 192 197 207 213 219 225 231 237 243 245 245 245 245 245 250 258 258 258 258 258 258 258 259 262 262 262 264 265 265 265 265 265 265 265 265 265 265 265 265 265 265 268 272 276 276 276 277 281 281 281 281 281 281 281 281 281 281 281 281 281 281 281 
24 10 8 29 13 24 10 8 30 13 24 10 8 31 13 13 10 8 31 13 14 24 34 24 13 15 10 7 25 13 16 10 14 26 13 16 10 15 27 13 16 10 16 28 13 16 10 17 29 13 16 10 18 30 13 16 10 19 31 13 16 10 20 31 13 16 10 20 31 13 16 10 20 31 13 16 10 20 31 13 16 10 20 31 13 16 10 20 30 12 16 10 20 31 13 16 10 20 31 13 16 10 20 31 13 16 10 20 31 13 16 10 20 31 13 16 10 20 31 13 16 10 20 31 13 11 10 20 31 13 12 10 20 31 13 12 10 20 31 13 12 10 20 31 13 16 10 7 36 24 16 14 24 37 25 16 14 24 37 25 16 14 24 37 25 16 14 24 37 25 16 14 24 37 25 16 14 24 37 25 16 14 24 37 25 16 14 24 37 25 16 14 24 37 25 16 14 24 37 25 16 14 24 37 25 16 14 24 37 25 16 14 24 37 25 16 14 24 37 25 10 10 7 31 13 11 10 7 31 13 12 10 7 31 13 12 10 7 31 13 12 10 7 31 13 15 10 7 36 61 16 66 24 37 61 16 66 24 37 61 16 66 24 37 61 16 66 24 37 61 16 66 24 37 61 16 66 24 37 61 16 66 24 37 61 16 66 24 37 61 16 66 24 37 61 16 66 24 37 61 16 66 24 37 61 16 66 24 37 61 16 66 24 37 61 16 66 24 37 61 16 66 24 37 61 
0 1 2 3 4 5 6 7 8 9 10 11 12 13 14 15 16 17 18 19 20 21 22 23 24 25 26 27 28 29 30 31 32 33 34 35 36 37 38 39 40 41 42 43 44 45 46 47 48 49 50 51 52 53 54 55 56 
63 64 177 178 209 210 211 212 213 214 215 216 217 218 219 220 221 222 223 224 225 226 227 205 205 205 205 205 205 205 205 205 205 205 205 205 205 205 205 205 205 205 205 205 205 205 205 205 205 205 205 205 205 205 205 205 205 
254 254 254 256 258 265 265 265 265 265 265 265 265 265 265 265 265 265 265 265 265 265 265 270 273 276 276 276 276 276 276 276 276 276 276 276 276 276 276 276 276 276 276 276 276 276 276 276 276 276 276 276 276 276 276 276 276 
12 66 7 31 13 12 66 7 31 13 12 66 21 31 13 12 66 22 31 13 16 66 23 36 61 16 66 24 37 61 16 66 24 37 61 16 66 24 37 61 16 66 24 37 61 16 66 24 37 61 16 66 24 37 61 16 66 24 37 61 16 66 24 37 61 16 66 24 37 61 16 66 24 37 61 16 66 24 37 61 16 66 24 37 61 16 66 24 37 61 16 66 24 37 61 16 66 24 37 61 16 66 24 37 61 16 66 24 37 61 16 66 24 37 61 16 11 21 37 61 16 12 22 37 61 16 13 23 37 61 16 13 23 37 61 16 13 23 37 61 16 13 23 37 61 16 13 23 37 61 16 13 23 37 61 16 13 23 37 61 16 13 23 37 61 16 13 23 37 61 16 13 23 37 61 16 13 23 37 61 16 13 23 37 61 16 13 23 37 61 16 13 23 37 61 16 13 23 37 61 16 13 23 37 61 16 13 23 37 61 16 13 23 37 61 16 13 23 37 61 16 13 23 37 61 16 13 23 37 61 16 13 23 37 61 16 13 23 37 61 16 13 23 37 61 16 13 23 37 61 16 13 23 37 61 16 13 23 37 61 16 13 23 37 61 16 13 23 37 61 16 13 23 37 61 16 13 23 37 61 16 13 23 37 61 
